Sample	A>C	A>G	A>T	C>A	C>G	C>T	G>A	G>C	G>T	T>A	T>C	T>G
108159_LUL_LowSR.mutect2.filtered	41117.0	154138.0	32825.0	37041.0	38711.0	152718.0	152248.0	38840.0	36717.0	32975.0	154278.0	41363.0
217788_LB89_LowSR.mutect2.filtered	37566.0	143642.0	30200.0	33751.0	35297.0	141393.0	141007.0	35351.0	33799.0	30205.0	142728.0	38067.0
220514_LUL_HighSR.mutect2.filtered	21003.0	84118.0	17469.0	19066.0	17907.0	82412.0	82498.0	18105.0	19049.0	17606.0	83544.0	21121.0
220578_LUL_LowSR.mutect2.filtered	29200.0	113714.0	23429.0	26186.0	27266.0	112003.0	111709.0	27203.0	26114.0	23385.0	112950.0	29364.0
220597_MCC_LowSR.mutect2.filtered	19299.0	76336.0	15239.0	17348.0	17906.0	74510.0	75110.0	17766.0	17226.0	15348.0	75882.0	19490.0
220713_RB6_LowSR.mutect2.filtered	27291.0	107357.0	22446.0	24862.0	24309.0	106323.0	106482.0	24483.0	24571.0	22573.0	107347.0	27601.0
220742_LUL_HighSR.mutect2.filtered	27921.0	109388.0	23170.0	24990.0	23864.0	107896.0	108054.0	24081.0	25204.0	23088.0	109499.0	28215.0
220754_RB6_LowSR.mutect2.filtered	37444.0	142312.0	29778.0	33691.0	35301.0	140345.0	139942.0	35298.0	33495.0	30024.0	142030.0	37673.0
220884_LB6_HighSR.mutect2.filtered	35798.0	137029.0	28508.0	32105.0	33630.0	134377.0	134417.0	33957.0	32022.0	28592.0	136152.0	36064.0
220884_LUL_HighSR.mutect2.filtered	11900.0	48398.0	9711.0	10757.0	10962.0	47658.0	47630.0	11043.0	10711.0	9703.0	47975.0	12121.0
