Sample	number_of_samples	number_of_records	number_of_no-ALTs	number_of_SNPs	number_of_MNPs	number_of_indels	number_of_others	number_of_multiallelic_sites	number_of_multiallelic_SNP_sites	ts	tv	tstv	ts_1st_ALT	tv_1st_ALT	tstv_1st_ALT	substitution_type_A>C	substitution_type_A>G	substitution_type_A>T	substitution_type_C>A	substitution_type_C>G	substitution_type_C>T	substitution_type_G>A	substitution_type_G>C	substitution_type_G>T	substitution_type_T>A	substitution_type_T>C	substitution_type_T>G
108159_LUL_LowSR.mutect2.filtered	1	1143098	0	911336	80278	153282	0	4586	1586	613382	299589	2.05	612317	298224	2.05	41117	154138	32825	37041	38711	152718	152248	38840	36717	32975	154278	41363
217788_LB89_LowSR.mutect2.filtered	1	1046248	0	841713	72561	133528	0	3966	1250	568770	274236	2.07	567909	273109	2.08	37566	143642	30200	33751	35297	141393	141007	35351	33799	30205	142728	38067
220514_LUL_HighSR.mutect2.filtered	1	581614	0	483273	37374	61666	0	2513	614	332572	151326	2.2	332168	150800	2.2	21003	84118	17469	19066	17907	82412	82498	18105	19049	17606	83544	21121
220578_LUL_LowSR.mutect2.filtered	1	806970	0	661549	53680	92802	0	3177	947	450376	212147	2.12	449735	211318	2.13	29200	113714	23429	26186	27266	112003	111709	27203	26114	23385	112950	29364
220597_MCC_LowSR.mutect2.filtered	1	526322	0	440925	33153	52829	0	2036	526	301838	139622	2.16	301460	139204	2.17	19299	76336	15239	17348	17906	74510	75110	17766	17226	15348	75882	19490
220713_RB6_LowSR.mutect2.filtered	1	761931	0	624738	50832	87338	0	3135	879	427509	198136	2.16	426900	197391	2.16	27291	107357	22446	24862	24309	106323	106482	24483	24571	22573	107347	27601
220742_LUL_HighSR.mutect2.filtered	1	773819	0	634470	51975	88377	0	2990	877	434837	200533	2.17	434230	199772	2.17	27921	109388	23170	24990	23864	107896	108054	24081	25204	23088	109499	28215
220754_RB6_LowSR.mutect2.filtered	1	1037949	0	835942	71181	132391	0	4090	1354	564629	272704	2.07	563675	271564	2.08	37444	142312	29778	33691	35301	140345	139942	35298	33495	30024	142030	37673
220884_LB6_HighSR.mutect2.filtered	1	990649	0	801427	68066	122586	0	3593	1187	541975	260676	2.08	541199	259575	2.08	35798	137029	28508	32105	33630	134377	134417	33957	32022	28592	136152	36064
220884_LUL_HighSR.mutect2.filtered	1	330396	0	278242	19923	32646	0	1775	316	191661	86908	2.21	191414	86637	2.21	11900	48398	9711	10757	10962	47658	47630	11043	10711	9703	47975	12121
